0.8774915670039866 0.0015332720024532351 0.0019932536031892056 0.0016865992026985587 0.0016865992026985587 0.005059797608095676 0.004753143207605029 0.0012266176019625882 0.01134621281815394 0.0013799448022079118
0.00015332720024532353 1.0 0.011652867218644588 0.004139834406623735 0.0022999080036798527 0.0013799448022079118 0.0026065624041705 0.003833180006133088 0.0068997240110395585 0.0007666360012266176
0.003833180006133088 0.008892977614228765 0.828886844526219 0.013186139221097824 0.014259429622815088 0.0030665440049064702 0.011806194418889911 0.011192885617908616 0.01349279362158847 0.004906470407850353
0.006593069610548912 0.005979760809567618 0.021005826433609324 0.8394664213431463 0.0006133088009812941 0.025145660840233057 0.003526525605642441 0.008739650413983441 0.021619135234590615 0.007359705611775529
0.0009199632014719411 0.0027598896044158236 0.003526525605642441 0.00045998160073597056 0.828886844526219 0.004139834406623735 0.0033731984053971173 0.003986507206378411 0.0068997240110395585 0.04078503526525606
0.010119595216191352 0.004139834406623735 0.002913216804661147 0.029438822447102116 0.0026065624041705 0.7467034651947255 0.01134621281815394 0.0016865992026985587 0.013646120821833793 0.008586323213738117
0.0078196872125115 0.0019932536031892056 0.0068997240110395585 0.00030665440049064706 0.003219871205151794 0.014719411223551058 0.8652253909843606 0.0 0.006746396810794235 0.00045998160073597056
0.0030665440049064702 0.003526525605642441 0.008739650413983441 0.002913216804661147 0.007513032812020853 0.0024532352039251764 0.00015332720024532353 0.9038638454461821 0.0024532352039251764 0.025912296841459674
0.006746396810794235 0.005059797608095676 0.0078196872125115 0.016252683226004292 0.005366452008586323 0.015792701625268322 0.007359705611775529 0.0024532352039251764 0.817540631708065 0.012726157620361852
0.005059797608095676 0.0021465808034345293 0.003219871205151794 0.0130328120208525 0.02054584483287335 0.003833180006133088 0.00030665440049064706 0.01962588163140141 0.015026065624041705 0.8293468261269549
