0.8802639849151477 0.0 0.008170961659333752 0.009270898805782527 0.002357008170961659 0.010999371464487744 0.0028284098051539913 0.0004714016341923319 0.013513513513513514 0.0028284098051539913
0.00031426775612822125 1.0 0.01524198617221873 0.006285355122564425 0.0028284098051539913 0.011627906976744186 0.0015713387806411063 0.0010999371464487744 0.018541797611565054 0.0018856065367693275
0.004714016341923318 0.0073852922690132 0.8340666247642992 0.02027027027027027 0.01571338780641106 0.0069138906348208675 0.010842237586423633 0.013199245757385292 0.015870521684475173 0.007228158390949088
0.0026712759270898804 0.004242614707730987 0.03614079195474544 0.8444374607165305 0.001257071024512885 0.036455059710873663 0.001257071024512885 0.008013827781269642 0.017284726587052168 0.011627906976744186
0.0009428032683846638 0.002042740414833438 0.010527969830295412 0.0018856065367693275 0.8186675047140164 0.010685103708359522 0.005813953488372093 0.006599622878692646 0.016499057196731615 0.04431175361407919
0.0069138906348208675 0.003299811439346323 0.008170961659333752 0.06505342551854179 0.008013827781269642 0.7118164676304212 0.011470773098680075 0.001257071024512885 0.023412947831552483 0.012413576367064739
0.004714016341923318 0.0029855436832181017 0.01697045883092395 0.0029855436832181017 0.006285355122564425 0.019013199245757385 0.8645505971087366 0.00031426775612822125 0.010842237586423633 0.001257071024512885
0.00015713387806411063 0.0029855436832181017 0.01021370207416719 0.008956631049654306 0.0147705845380264 0.008956631049654306 0.00015713387806411063 0.8947203016970459 0.008170961659333752 0.03535512256442489
0.004556882463859208 0.00785669390320553 0.0147705845380264 0.0339409176618479 0.01005656819610308 0.024670018856065366 0.0051854179761156504 0.0017284726587052169 0.802639849151477 0.013984915147705845
0.001257071024512885 0.002042740414833438 0.008956631049654306 0.018541797611565054 0.037554996857322435 0.00974230043997486 0.00031426775612822125 0.036612193588937775 0.014299182903834067 0.8054682589566311
