1.1539186239242554 50.31417465209961 9
3.055220127105713 27.2329044342041 4
3.5151474475860596 79.77542877197266 7
-64.39198303222656 -34.52168273925781 0
-63.89967346191406 -12.672680854797363 0
19.998275756835938 -47.906131744384766 5
-47.441551208496094 -63.43207931518555 6
23.67958641052246 23.600492477416992 2
15.774161338806152 -1.4841207265853882 8
-32.88310623168945 -6.5491485595703125 5
2.0994696617126465 -48.675209045410156 5
24.34235954284668 -6.2700018882751465 8
13.077506065368652 20.153146743774414 8
47.17570495605469 -11.356518745422363 2
36.78257751464844 -18.303272247314453 2
3.257323980331421 69.93519592285156 7
-20.63605499267578 -51.939186096191406 6
-29.575063705444336 -58.105072021484375 6
-61.620941162109375 -3.416423797607422 0
35.76706314086914 1.877463459968567 2
4.312396049499512 48.09389877319336 9
-39.71762466430664 20.772615432739258 9
0.3970433175563812 -19.04230499267578 3
-8.373404502868652 44.684574127197266 9
-43.80876159667969 28.23554801940918 4
33.209781646728516 -25.722457885742188 2
-21.304227828979492 -58.568763732910156 6
56.61883544921875 20.15311622619629 1
-19.909137725830078 -67.12259674072266 6
-69.4652328491211 -18.046772003173828 0
-46.73388671875 38.100772857666016 4
48.567752838134766 22.8393611907959 1
-22.988109588623047 -16.594255447387695 3
-2.1819353103637695 53.36442565917969 9
70.25918579101562 5.404698848724365 1
16.803422927856445 -58.352169036865234 5
37.586700439453125 -40.49089050292969 2
-26.77202796936035 -17.88389778137207 3
-40.64025115966797 -61.45332336425781 6
-4.0659284591674805 -73.3003158569336 6
-56.7609748840332 -27.3958740234375 0
25.062225341796875 -3.11185622215271 8
-45.96099090576172 36.131832122802734 4
50.19965362548828 37.57689666748047 1
-46.12506866455078 -16.443519592285156 0
51.02207946777344 31.97852897644043 1
73.09586334228516 16.84339714050293 1
61.38044357299805 18.170026779174805 1
43.79236602783203 3.5294249057769775 1
-73.1928482055664 -30.457015991210938 0
42.042701721191406 -31.592044830322266 2
-30.749195098876953 -26.17559242248535 8
-18.554826736450195 -64.00487518310547 6
45.389591217041016 -26.68743133544922 2
46.40365219116211 -5.779533386230469 2
41.76654052734375 -38.73039627075195 2
26.753664016723633 -26.61671257019043 2
13.373028755187988 55.04013442993164 7
-11.932211875915527 -22.12757110595703 3
-7.122808456420898 45.09302520751953 9
-8.511545181274414 -78.69343566894531 6
-13.432609558105469 -39.59610366821289 5
-15.382822036743164 -16.550235748291016 3
7.23441743850708 38.62130355834961 4
-4.978641510009766 52.05420684814453 9
22.556392669677734 74.01946258544922 7
-3.239800453186035 21.752519607543945 4
-68.33452606201172 -30.802562713623047 0
-23.533987045288086 -67.85969543457031 6
-0.5089557766914368 52.008094787597656 9
-24.352006912231445 -66.06571197509766 6
-33.052120208740234 -56.74815368652344 6
13.696413040161133 61.1353874206543 7
-49.8427619934082 -9.030961990356445 0
5.235108375549316 -25.93639373779297 3
-59.38936233520508 -30.474891662597656 0
9.31664752960205 -35.86439895629883 5
-58.32156753540039 -24.68987274169922 0
75.17888641357422 -10.41064453125 1
-4.729418754577637 -73.6307373046875 6
33.01401138305664 -6.728132724761963 2
-75.51233673095703 -29.45752716064453 2
-49.5572624206543 26.535364151000977 4
-67.048828125 -13.56598949432373 0
-71.72478485107422 -12.082670211791992 0
-42.21371841430664 -61.896488189697266 6
-55.96930694580078 -18.410205841064453 0
73.24642181396484 -2.1334447860717773 1
10.756766319274902 -47.595977783203125 5
-24.030948638916016 31.06623649597168 9
-44.502891540527344 34.40216827392578 4
-0.21863991022109985 -23.24208641052246 3
74.1588134765625 15.663565635681152 1
-31.656688690185547 -55.79252243041992 6
-19.059097290039062 -12.48634147644043 3
16.7340145111084 45.00276565551758 7
-54.568485260009766 -18.710039138793945 0
-1.5412366390228271 8.417680740356445 8
18.78984832763672 -2.660886764526367 8
-5.091919898986816 54.19048309326172 9
